[gd_resource type="SkeletonProfile" format=3 uid="uid://cmfufcohvgc8p"]

[resource]
group_size = 1
bone_size = 47
groups/0/group_name = &""
bones/0/bone_name = &"Bone"
bones/0/bone_parent = &""
bones/0/tail_direction = 0
bones/0/reference_pose = Transform3D(0.998119, -0.0613092, -6.2006e-08, 0.0613092, 0.998119, 2.82774e-08, 6.01557e-08, -3.20257e-08, 1, -9.53674e-07, 0.103184, 4.76837e-07)
bones/0/handle_offset = Vector2(0.719605, 0.508837)
bones/0/group = &""
bones/0/require = false
bones/1/bone_name = &"Bone.001"
bones/1/bone_parent = &"Bone"
bones/1/tail_direction = 0
bones/1/reference_pose = Transform3D(0.99922, 0.0394829, 9.90063e-08, -0.0394829, 0.99922, -1.68724e-07, -1.05591e-07, 1.64683e-07, 1, -1.42786e-07, 0.721287, 3.55653e-07)
bones/1/handle_offset = Vector2(0.715631, 0.444133)
bones/1/group = &""
bones/1/require = false
bones/2/bone_name = &"Bone.002"
bones/2/bone_parent = &"Bone.001"
bones/2/tail_direction = 0
bones/2/reference_pose = Transform3D(0.972568, -0.23262, 3.19295e-08, 0.23262, 0.972568, 1.84725e-08, -3.53507e-08, -1.05383e-08, 1, 6.26425e-07, 1.34908, 8.58721e-07)
bones/2/handle_offset = Vector2(0.712981, 0.322912)
bones/2/group = &""
bones/2/require = false
bones/3/bone_name = &"Bone.003"
bones/3/bone_parent = &"Bone.002"
bones/3/tail_direction = 0
bones/3/reference_pose = Transform3D(0.955162, -0.296084, -1.8111e-07, 0.296084, 0.955162, -3.15252e-08, 1.82324e-07, -2.35121e-08, 1, -7.41361e-07, 2.14878, 5.75571e-07)
bones/3/handle_offset = Vector2(0.663963, 0.136113)
bones/3/group = &""
bones/3/require = false
bones/4/bone_name = &"Bone.004"
bones/4/bone_parent = &"Bone.003"
bones/4/tail_direction = 0
bones/4/reference_pose = Transform3D(0.879909, -0.475142, 1.34826e-08, 0.475142, 0.879909, -5.02145e-08, 1.19956e-08, 5.05904e-08, 1, 6.44368e-07, 1.1289, -7.26986e-07)
bones/4/handle_offset = Vector2(0.610308, 0.05)
bones/4/group = &""
bones/4/require = false
bones/5/bone_name = &"Bone.017"
bones/5/bone_parent = &"Bone.002"
bones/5/tail_direction = 0
bones/5/reference_pose = Transform3D(0.973349, -0.196718, 0.117873, 0.0310379, -0.396261, -0.917613, 0.227219, 0.896816, -0.379594, -7.41361e-07, 2.14878, 5.75571e-07)
bones/5/handle_offset = Vector2(0.663963, 0.136113)
bones/5/group = &""
bones/5/require = false
bones/6/bone_name = &"Bone.019"
bones/6/bone_parent = &"Bone.017"
bones/6/tail_direction = 0
bones/6/reference_pose = Transform3D(0.870957, -0.454716, 0.186188, 0.484512, 0.731741, -0.479379, 0.0817402, 0.507729, 0.85763, -1.08778e-06, 0.967549, -1.49012e-07)
bones/6/handle_offset = Vector2(0.656163, 0.173785)
bones/6/group = &""
bones/6/require = false
bones/7/bone_name = &"Bone.023"
bones/7/bone_parent = &"Bone.019"
bones/7/tail_direction = 0
bones/7/reference_pose = Transform3D(0.945005, -0.324247, -0.0427606, 0.303078, 0.917347, -0.258104, 0.122916, 0.23095, 0.96517, -5.69969e-07, 0.933519, 1.3113e-06)
bones/7/handle_offset = Vector2(0.629817, 0.247487)
bones/7/group = &""
bones/7/require = false
bones/8/bone_name = &"Bone.021"
bones/8/bone_parent = &"Bone.023"
bones/8/tail_direction = 0
bones/8/reference_pose = Transform3D(0.985077, -0.170672, -0.0222503, 0.170854, 0.954022, 0.246273, -0.0208046, -0.246399, 0.968945, -1.49012e-06, 2.02241, 8.04663e-07)
bones/8/handle_offset = Vector2(0.552016, 0.411675)
bones/8/group = &""
bones/8/require = false
bones/9/bone_name = &"Bone.025"
bones/9/bone_parent = &"Bone.021"
bones/9/tail_direction = 0
bones/9/reference_pose = Transform3D(0.998704, -0.0503914, 0.00711071, 0.0506256, 0.997999, -0.0378854, -0.00518738, 0.0381963, 0.999257, -4.76837e-07, 3.16403, 0)
bones/9/handle_offset = Vector2(0.362771, 0.622989)
bones/9/group = &""
bones/9/require = false
bones/10/bone_name = &"Bone.027"
bones/10/bone_parent = &"Bone.025"
bones/10/tail_direction = 0
bones/10/reference_pose = Transform3D(-0.785622, -0.0785956, 0.613694, 0.178988, 0.920614, 0.347034, -0.592251, 0.382481, -0.709187, -0.301182, 0.410703, 0.333632)
bones/10/handle_offset = Vector2(0.334705, 0.647824)
bones/10/group = &""
bones/10/require = false
bones/11/bone_name = &"Bone.028"
bones/11/bone_parent = &"Bone.027"
bones/11/tail_direction = 0
bones/11/reference_pose = Transform3D(0.852202, -0.523015, 0.0144105, 0.522157, 0.848409, -0.0869192, 0.033234, 0.0815973, 0.996111, -1.13249e-06, 0.893017, 2.38419e-07)
bones/11/handle_offset = Vector2(0.29405, 0.711267)
bones/11/group = &""
bones/11/require = false
bones/12/bone_name = &"Bone.029"
bones/12/bone_parent = &"Bone.025"
bones/12/tail_direction = 0
bones/12/reference_pose = Transform3D(-0.795502, 0.0356579, 0.6049, 0.119253, 0.987957, 0.0985904, -0.5941, 0.150565, -0.790174, -0.162905, 1.07039, 0.267055)
bones/12/handle_offset = Vector2(0.299109, 0.695514)
bones/12/group = &""
bones/12/require = false
bones/13/bone_name = &"Bone.030"
bones/13/bone_parent = &"Bone.029"
bones/13/tail_direction = 0
bones/13/reference_pose = Transform3D(0.871519, -0.434428, 0.227435, 0.460128, 0.884844, -0.0730291, -0.169519, 0.168296, 0.971051, -3.46452e-07, 0.656768, 2.08616e-07)
bones/13/handle_offset = Vector2(0.264541, 0.743067)
bones/13/group = &""
bones/13/require = false
bones/14/bone_name = &"Bone.031"
bones/14/bone_parent = &"Bone.025"
bones/14/tail_direction = 0
bones/14/reference_pose = Transform3D(-0.772207, 0.255487, 0.581742, 0.275098, 0.959764, -0.0563393, -0.572729, 0.11653, -0.81142, -0.104074, 1.13055, 0.0374684)
bones/14/handle_offset = Vector2(0.289589, 0.693797)
bones/14/group = &""
bones/14/require = false
bones/15/bone_name = &"Bone.032"
bones/15/bone_parent = &"Bone.031"
bones/15/tail_direction = 0
bones/15/reference_pose = Transform3D(0.931077, -0.287, 0.225225, 0.284217, 0.957684, 0.0454092, -0.228727, 0.0217335, 0.973248, 3.93018e-07, 0.749018, 0)
bones/15/handle_offset = Vector2(0.259198, 0.753684)
bones/15/group = &""
bones/15/require = false
bones/16/bone_name = &"Bone.033"
bones/16/bone_parent = &"Bone.025"
bones/16/tail_direction = 0
bones/16/reference_pose = Transform3D(-0.69703, 0.479615, 0.533027, 0.462106, 0.868875, -0.177522, -0.548276, 0.122576, -0.827265, 0.0993876, 1.24438, -0.100305)
bones/16/handle_offset = Vector2(0.288047, 0.70605)
bones/16/group = &""
bones/16/require = false
bones/17/bone_name = &"Bone.034"
bones/17/bone_parent = &"Bone.033"
bones/17/tail_direction = 0
bones/17/reference_pose = Transform3D(0.919264, -0.324027, 0.223516, 0.258542, 0.925169, 0.277881, -0.296831, -0.197657, 0.93425, 3.35276e-07, 0.49408, -7.15256e-07)
bones/17/handle_offset = Vector2(0.276737, 0.748083)
bones/17/group = &""
bones/17/require = false
bones/18/bone_name = &"Bone.035"
bones/18/bone_parent = &"Bone.025"
bones/18/tail_direction = 0
bones/18/reference_pose = Transform3D(-0.698175, 0.481855, 0.529497, 0.459949, 0.868665, -0.184034, -0.548633, 0.115054, -0.828109, 0.362226, 1.14856, 0.000202179)
bones/18/handle_offset = Vector2(0.311775, 0.716235)
bones/18/group = &""
bones/18/require = false
bones/19/bone_name = &"Bone.036"
bones/19/bone_parent = &"Bone.035"
bones/19/tail_direction = 0
bones/19/reference_pose = Transform3D(0.939031, -0.250355, 0.235676, 0.192153, 0.950521, 0.244106, -0.285128, -0.183937, 0.940675, -1.80304e-06, 0.436491, -2.98023e-07)
bones/19/handle_offset = Vector2(0.301713, 0.753288)
bones/19/group = &""
bones/19/require = false
bones/20/bone_name = &"Bone.018"
bones/20/bone_parent = &"Bone.002"
bones/20/tail_direction = 0
bones/20/reference_pose = Transform3D(0.960538, -0.23603, -0.147161, 0.0215619, -0.464295, 0.885418, -0.277311, -0.853651, -0.440884, -7.41361e-07, 2.14878, 5.75571e-07)
bones/20/handle_offset = Vector2(0.663963, 0.136113)
bones/20/group = &""
bones/20/require = false
bones/21/bone_name = &"Bone.020"
bones/21/bone_parent = &"Bone.018"
bones/21/tail_direction = 0
bones/21/reference_pose = Transform3D(0.932726, -0.300822, -0.198817, 0.360084, 0.806132, 0.469564, 0.0190174, -0.509566, 0.860222, 1.2368e-06, 0.852452, -1.19209e-07)
bones/21/handle_offset = Vector2(0.655501, 0.17511)
bones/21/group = &""
bones/21/require = false
bones/22/bone_name = &"Bone.024"
bones/22/bone_parent = &"Bone.020"
bones/22/tail_direction = 0
bones/22/reference_pose = Transform3D(0.904145, -0.420731, 0.0742137, 0.414995, 0.906176, 0.0813919, -0.101495, -0.0427918, 0.993915, -3.1665e-07, 0.942795, -2.98023e-07)
bones/22/handle_offset = Vector2(0.640263, 0.25199)
bones/22/group = &""
bones/22/require = false
bones/23/bone_name = &"Bone.022"
bones/23/bone_parent = &"Bone.024"
bones/23/tail_direction = 0
bones/23/reference_pose = Transform3D(0.980273, -0.195919, 0.0260904, 0.197482, 0.976292, -0.0886296, -0.00810765, 0.0920336, 0.995723, 1.66893e-06, 2.05173, 2.98023e-07)
bones/23/handle_offset = Vector2(0.551354, 0.412999)
bones/23/group = &""
bones/23/require = false
bones/24/bone_name = &"Bone.026"
bones/24/bone_parent = &"Bone.022"
bones/24/tail_direction = 0
bones/24/reference_pose = Transform3D(0.999455, -0.0323784, 0.00648102, 0.0327067, 0.997698, -0.05941, -0.0045425, 0.0595896, 0.998213, 0, 2.92686, 5.96046e-07)
bones/24/handle_offset = Vector2(0.378373, 0.611071)
bones/24/group = &""
bones/24/require = false
bones/25/bone_name = &"Bone.037"
bones/25/bone_parent = &"Bone.026"
bones/25/tail_direction = 0
bones/25/reference_pose = Transform3D(-0.896145, 0.0492187, -0.441023, 0.165627, 0.95911, -0.229511, 0.411694, -0.278721, -0.867654, -0.121915, 1.33599, -0.227993)
bones/25/handle_offset = Vector2(0.295669, 0.699631)
bones/25/group = &""
bones/25/require = false
bones/26/bone_name = &"Bone.038"
bones/26/bone_parent = &"Bone.037"
bones/26/tail_direction = 0
bones/26/reference_pose = Transform3D(0.89486, -0.445535, -0.0269082, 0.444333, 0.883484, 0.148406, -0.0423471, -0.144759, 0.98856, 3.57628e-07, 0.709753, 2.38419e-07)
bones/26/handle_offset = Vector2(0.261595, 0.75278)
bones/26/group = &""
bones/26/require = false
bones/27/bone_name = &"Bone.039"
bones/27/bone_parent = &"Bone.026"
bones/27/tail_direction = 0
bones/27/reference_pose = Transform3D(-0.889921, -0.156825, -0.428308, 0.0585488, 0.891988, -0.448252, 0.452342, -0.423985, -0.784616, -0.28649, 0.733367, -0.337883)
bones/27/handle_offset = Vector2(0.328822, 0.657603)
bones/27/group = &""
bones/27/require = false
bones/28/bone_name = &"Bone.040"
bones/28/bone_parent = &"Bone.039"
bones/28/tail_direction = 0
bones/28/reference_pose = Transform3D(0.827866, -0.548399, 0.117883, 0.537048, 0.835588, 0.115638, -0.161918, -0.0324238, 0.986271, -8.34465e-07, 0.618124, 0)
bones/28/handle_offset = Vector2(0.298164, 0.698677)
bones/28/group = &""
bones/28/require = false
bones/29/bone_name = &"Bone.041"
bones/29/bone_parent = &"Bone.026"
bones/29/tail_direction = 0
bones/29/reference_pose = Transform3D(-0.878919, 0.265579, -0.396194, 0.298353, 0.954196, -0.0222463, 0.372139, -0.137758, -0.917897, -0.0887864, 1.36637, -0.0166336)
bones/29/handle_offset = Vector2(0.28802, 0.694633)
bones/29/group = &""
bones/29/require = false
bones/30/bone_name = &"Bone.042"
bones/30/bone_parent = &"Bone.041"
bones/30/tail_direction = 0
bones/30/reference_pose = Transform3D(0.912062, -0.410052, 0.00042027, 0.407296, 0.905812, -0.116685, 0.0474663, 0.106595, 0.993169, 1.19209e-07, 0.593004, -1.07288e-06)
bones/30/handle_offset = Vector2(0.263606, 0.741717)
bones/30/group = &""
bones/30/require = false
bones/31/bone_name = &"Bone.043"
bones/31/bone_parent = &"Bone.026"
bones/31/tail_direction = 0
bones/31/reference_pose = Transform3D(-0.800813, 0.498923, -0.331321, 0.484204, 0.864923, 0.132117, 0.352484, -0.0546255, -0.934222, 0.180604, 1.55838, 0.0759112)
bones/31/handle_offset = Vector2(0.286975, 0.716255)
bones/31/group = &""
bones/31/require = false
bones/32/bone_name = &"Bone.044"
bones/32/bone_parent = &"Bone.043"
bones/32/tail_direction = 0
bones/32/reference_pose = Transform3D(0.958755, -0.284016, -0.0111384, 0.256573, 0.881648, -0.396063, 0.122308, 0.37687, 0.918155, -7.15256e-07, 0.359884, -5.96046e-08)
bones/32/handle_offset = Vector2(0.277598, 0.745655)
bones/32/group = &""
bones/32/require = false
bones/33/bone_name = &"Bone.045"
bones/33/bone_parent = &"Bone.026"
bones/33/tail_direction = 0
bones/33/reference_pose = Transform3D(-0.75789, 0.526687, -0.384972, 0.557896, 0.829128, 0.0360207, 0.338163, -0.187475, -0.922225, 0.37691, 1.39067, 0.0375198)
bones/33/handle_offset = Vector2(0.309377, 0.716657)
bones/33/group = &""
bones/33/require = false
bones/34/bone_name = &"Bone.046"
bones/34/bone_parent = &"Bone.045"
bones/34/tail_direction = 0
bones/34/reference_pose = Transform3D(0.989707, -0.133629, -0.0512157, 0.11879, 0.966694, -0.226697, 0.0798032, 0.21828, 0.972618, 0, 0.427571, 7.15256e-07)
bones/34/handle_offset = Vector2(0.30185, 0.753484)
bones/34/group = &""
bones/34/require = false
bones/35/bone_name = &"Bone.005"
bones/35/bone_parent = &""
bones/35/tail_direction = 0
bones/35/reference_pose = Transform3D(1, 1.41931e-16, -5.12836e-17, -5.12836e-17, 0.639202, 0.769039, 1.41931e-16, -0.769039, 0.639202, -9.53674e-07, 0.103184, 4.76837e-07)
bones/35/handle_offset = Vector2(0.719605, 0.508837)
bones/35/group = &""
bones/35/require = false
bones/36/bone_name = &"Bone.007"
bones/36/bone_parent = &"Bone.005"
bones/36/tail_direction = 0
bones/36/reference_pose = Transform3D(0.968761, 0.247995, 0.000477709, 0.159663, -0.625174, 0.76398, 0.189762, -0.740038, -0.64524, 9.53674e-07, 0.737946, 4.76837e-07)
bones/36/handle_offset = Vector2(0.719605, 0.466443)
bones/36/group = &""
bones/36/require = false
bones/37/bone_name = &"Bone.009"
bones/37/bone_parent = &"Bone.007"
bones/37/tail_direction = 0
bones/37/reference_pose = Transform3D(0.480709, -0.876875, 0.00298394, 0.876875, 0.480691, -0.0050266, 0.00297335, 0.00503288, 0.999983, -5.23403e-07, 0.951021, -3.41795e-07)
bones/37/handle_offset = Vector2(0.740802, 0.549244)
bones/37/group = &""
bones/37/require = false
bones/38/bone_name = &"Bone.011"
bones/38/bone_parent = &"Bone.009"
bones/38/tail_direction = 0
bones/38/reference_pose = Transform3D(0.200756, 0.979638, -0.00248254, -0.979638, 0.200749, -0.00304213, -0.00248182, 0.00304272, 0.999992, 5.66244e-07, 2.19007, 5.22472e-07)
bones/38/handle_offset = Vector2(0.59706, 0.683713)
bones/38/group = &""
bones/38/require = false
bones/39/bone_name = &"Bone.013"
bones/39/bone_parent = &"Bone.011"
bones/39/tail_direction = 0
bones/39/reference_pose = Transform3D(0.957075, -0.289842, -0.000133166, 0.289842, 0.957074, 0.000900099, -0.000133436, -0.000900059, 1, -4.07919e-07, 1.98834, 1.14553e-07)
bones/39/handle_offset = Vector2(0.690459, 0.836066)
bones/39/group = &""
bones/39/require = false
bones/40/bone_name = &"Bone.015"
bones/40/bone_parent = &"Bone.013"
bones/40/tail_direction = 0
bones/40/reference_pose = Transform3D(-0.144714, -0.989467, -0.00355497, 0.989467, -0.144725, 0.0030732, -0.00355532, -0.00307279, 0.999989, 4.84288e-08, 1.31035, 8.4145e-07)
bones/40/handle_offset = Vector2(0.720268, 0.95)
bones/40/group = &""
bones/40/require = false
bones/41/bone_name = &"Bone.006"
bones/41/bone_parent = &""
bones/41/tail_direction = 0
bones/41/reference_pose = Transform3D(-1, 0, -1.50996e-07, -1.10593e-07, 0.680847, 0.732426, 1.02805e-07, 0.732426, -0.680847, -9.53674e-07, 0.103184, 4.76837e-07)
bones/41/handle_offset = Vector2(0.719605, 0.508837)
bones/41/group = &""
bones/41/require = false
bones/42/bone_name = &"Bone.008"
bones/42/bone_parent = &"Bone.006"
bones/42/tail_direction = 0
bones/42/reference_pose = Transform3D(0.968761, -0.247995, 0.000478722, -0.167752, -0.65388, 0.737767, -0.182649, -0.7148, -0.675056, 6.34356e-07, 0.714459, 5.11977e-09)
bones/42/handle_offset = Vector2(0.719605, 0.465118)
bones/42/group = &""
bones/42/require = false
bones/43/bone_name = &"Bone.010"
bones/43/bone_parent = &"Bone.008"
bones/43/tail_direction = 0
bones/43/reference_pose = Transform3D(0.480709, 0.876875, 0.00298311, -0.876875, 0.480691, 0.00502627, 0.00297346, -0.00503199, 0.999983, -3.29688e-07, 0.95102, 6.33299e-08)
bones/43/handle_offset = Vector2(0.740802, 0.547919)
bones/43/group = &""
bones/43/require = false
bones/44/bone_name = &"Bone.012"
bones/44/bone_parent = &"Bone.010"
bones/44/tail_direction = 0
bones/44/reference_pose = Transform3D(0.200756, -0.979638, -0.00248264, 0.979638, 0.200749, 0.00304335, -0.00248299, -0.00304306, 0.999992, 2.77534e-07, 2.19007, -3.77186e-07)
bones/44/handle_offset = Vector2(0.59706, 0.682388)
bones/44/group = &""
bones/44/require = false
bones/45/bone_name = &"Bone.014"
bones/45/bone_parent = &"Bone.012"
bones/45/tail_direction = 0
bones/45/reference_pose = Transform3D(0.957074, 0.289842, -0.000133675, -0.289842, 0.957074, -0.000900321, -0.000133014, 0.000900418, 1, 6.89179e-08, 1.98834, 7.96281e-07)
bones/45/handle_offset = Vector2(0.690459, 0.834741)
bones/45/group = &""
bones/45/require = false
bones/46/bone_name = &"Bone.016"
bones/46/bone_parent = &"Bone.014"
bones/46/tail_direction = 0
bones/46/reference_pose = Transform3D(-0.144714, 0.989467, -0.00355573, -0.989467, -0.144725, -0.00307315, -0.00355538, 0.00307355, 0.999989, -1.50315e-06, 1.31035, -5.75557e-07)
bones/46/handle_offset = Vector2(0.720268, 0.948675)
bones/46/group = &""
bones/46/require = false
